101
0 0 9 9 9 9 9 9 11 12 13 13 11 13 14 14 12 11 11 10 8 8 8 8 10 11 11 9 11 12 12 10 9 9 10 10 11 11 12 12 12 13 13 9 7 7 9 9 9 9 9 9 8 8 9 9 9 9 10 10 9 6 6 7 8 8 6 9 10 10 8 9 11 12 12 11 11 9 10 12 12 11 8 9 9 8 8 6 6 5 3 8 9 9 9 9 8 6 5 6 6 5 
100 9 0 2 4 4 6 6 8 9 10 10 8 10 11 11 9 8 8 7 7 7 7 7 11 12 12 10 12 13 13 11 10 10 11 11 12 12 13 13 13 14 14 10 8 8 12 12 12 12 12 12 11 11 12 12 12 12 13 13 12 9 9 12 13 13 11 14 15 15 13 14 16 17 17 16 16 14 15 17 17 16 13 14 14 13 13 11 11 10 10 15 16 16 16 16 15 13 12 13 13 12 
80 9 2 0 4 4 6 6 8 9 10 10 8 10 11 11 9 8 8 7 7 7 7 7 11 12 12 10 12 13 13 11 10 10 11 11 12 12 13 13 13 14 14 10 8 8 12 12 12 12 12 12 11 11 12 12 12 12 13 13 12 9 9 12 13 13 11 14 15 15 13 14 16 17 17 16 16 14 15 17 17 16 13 14 14 13 13 11 11 10 10 15 16 16 16 16 15 13 12 13 13 12 
94 9 4 4 0 2 6 6 8 9 10 10 8 10 11 11 9 8 8 7 7 7 7 7 11 12 12 10 12 13 13 11 10 10 11 11 12 12 13 13 13 14 14 10 8 8 12 12 12 12 12 12 11 11 12 12 12 12 13 13 12 9 9 12 13 13 11 14 15 15 13 14 16 17 17 16 16 14 15 17 17 16 13 14 14 13 13 11 11 10 10 15 16 16 16 16 15 13 12 13 13 12 
89 9 4 4 2 0 6 6 8 9 10 10 8 10 11 11 9 8 8 7 7 7 7 7 11 12 12 10 12 13 13 11 10 10 11 11 12 12 13 13 13 14 14 10 8 8 12 12 12 12 12 12 11 11 12 12 12 12 13 13 12 9 9 12 13 13 11 14 15 15 13 14 16 17 17 16 16 14 15 17 17 16 13 14 14 13 13 11 11 10 10 15 16 16 16 16 15 13 12 13 13 12 
95 9 6 6 6 6 0 2 6 7 8 8 6 8 9 9 7 6 6 5 7 7 7 7 11 12 12 10 12 13 13 11 10 10 11 11 12 12 13 13 13 14 14 10 8 8 12 12 12 12 12 12 11 11 12 12 12 12 13 13 12 9 9 12 13 13 11 14 15 15 13 14 16 17 17 16 16 14 15 17 17 16 13 14 14 13 13 11 11 10 10 15 16 16 16 16 15 13 12 13 13 12 
97 9 6 6 6 6 2 0 6 7 8 8 6 8 9 9 7 6 6 5 7 7 7 7 11 12 12 10 12 13 13 11 10 10 11 11 12 12 13 13 13 14 14 10 8 8 12 12 12 12 12 12 11 11 12 12 12 12 13 13 12 9 9 12 13 13 11 14 15 15 13 14 16 17 17 16 16 14 15 17 17 16 13 14 14 13 13 11 11 10 10 15 16 16 16 16 15 13 12 13 13 12 
79 11 8 8 8 8 6 6 0 3 4 4 4 6 7 7 5 6 6 5 9 9 9 9 13 14 14 12 14 15 15 13 12 12 13 13 14 14 15 15 15 16 16 12 10 10 14 14 14 14 14 14 13 13 14 14 14 14 15 15 14 11 11 14 15 15 13 16 17 17 15 16 18 19 19 18 18 16 17 19 19 18 15 16 16 15 15 13 13 12 12 17 18 18 18 18 17 15 14 15 15 14 
84 12 9 9 9 9 7 7 3 0 3 3 5 7 8 8 6 7 7 6 10 10 10 10 14 15 15 13 15 16 16 14 13 13 14 14 15 15 16 16 16 17 17 13 11 11 15 15 15 15 15 15 14 14 15 15 15 15 16 16 15 12 12 15 16 16 14 17 18 18 16 17 19 20 20 19 19 17 18 20 20 19 16 17 17 16 16 14 14 13 13 18 19 19 19 19 18 16 15 16 16 15 
90 13 10 10 10 10 8 8 4 3 0 2 6 8 9 9 7 8 8 7 11 11 11 11 15 16 16 14 16 17 17 15 14 14 15 15 16 16 17 17 17 18 18 14 12 12 16 16 16 16 16 16 15 15 16 16 16 16 17 17 16 13 13 16 17 17 15 18 19 19 17 18 20 21 21 20 20 18 19 21 21 20 17 18 18 17 17 15 15 14 14 19 20 20 20 20 19 17 16 17 17 16 
74 13 10 10 10 10 8 8 4 3 2 0 6 8 9 9 7 8 8 7 11 11 11 11 15 16 16 14 16 17 17 15 14 14 15 15 16 16 17 17 17 18 18 14 12 12 16 16 16 16 16 16 15 15 16 16 16 16 17 17 16 13 13 16 17 17 15 18 19 19 17 18 20 21 21 20 20 18 19 21 21 20 17 18 18 17 17 15 15 14 14 19 20 20 20 20 19 17 16 17 17 16 
87 11 8 8 8 8 6 6 4 5 6 6 0 4 5 5 3 6 6 5 9 9 9 9 13 14 14 12 14 15 15 13 12 12 13 13 14 14 15 15 15 16 16 12 10 10 14 14 14 14 14 14 13 13 14 14 14 14 15 15 14 11 11 14 15 15 13 16 17 17 15 16 18 19 19 18 18 16 17 19 19 18 15 16 16 15 15 13 13 12 12 17 18 18 18 18 17 15 14 15 15 14 
83 13 10 10 10 10 8 8 6 7 8 8 4 0 3 3 3 8 8 7 11 11 11 11 15 16 16 14 16 17 17 15 14 14 15 15 16 16 17 17 17 18 18 14 12 12 16 16 16 16 16 16 15 15 16 16 16 16 17 17 16 13 13 16 17 17 15 18 19 19 17 18 20 21 21 20 20 18 19 21 21 20 17 18 18 17 17 15 15 14 14 19 20 20 20 20 19 17 16 17 17 16 
98 14 11 11 11 11 9 9 7 8 9 9 5 3 0 2 4 9 9 8 12 12 12 12 16 17 17 15 17 18 18 16 15 15 16 16 17 17 18 18 18 19 19 15 13 13 17 17 17 17 17 17 16 16 17 17 17 17 18 18 17 14 14 17 18 18 16 19 20 20 18 19 21 22 22 21 21 19 20 22 22 21 18 19 19 18 18 16 16 15 15 20 21 21 21 21 20 18 17 18 18 17 
85 14 11 11 11 11 9 9 7 8 9 9 5 3 2 0 4 9 9 8 12 12 12 12 16 17 17 15 17 18 18 16 15 15 16 16 17 17 18 18 18 19 19 15 13 13 17 17 17 17 17 17 16 16 17 17 17 17 18 18 17 14 14 17 18 18 16 19 20 20 18 19 21 22 22 21 21 19 20 22 22 21 18 19 19 18 18 16 16 15 15 20 21 21 21 21 20 18 17 18 18 17 
88 12 9 9 9 9 7 7 5 6 7 7 3 3 4 4 0 7 7 6 10 10 10 10 14 15 15 13 15 16 16 14 13 13 14 14 15 15 16 16 16 17 17 13 11 11 15 15 15 15 15 15 14 14 15 15 15 15 16 16 15 12 12 15 16 16 14 17 18 18 16 17 19 20 20 19 19 17 18 20 20 19 16 17 17 16 16 14 14 13 13 18 19 19 19 19 18 16 15 16 16 15 
82 11 8 8 8 8 6 6 6 7 8 8 6 8 9 9 7 0 2 3 9 9 9 9 13 14 14 12 14 15 15 13 12 12 13 13 14 14 15 15 15 16 16 12 10 10 14 14 14 14 14 14 13 13 14 14 14 14 15 15 14 11 11 14 15 15 13 16 17 17 15 16 18 19 19 18 18 16 17 19 19 18 15 16 16 15 15 13 13 12 12 17 18 18 18 18 17 15 14 15 15 14 
93 11 8 8 8 8 6 6 6 7 8 8 6 8 9 9 7 2 0 3 9 9 9 9 13 14 14 12 14 15 15 13 12 12 13 13 14 14 15 15 15 16 16 12 10 10 14 14 14 14 14 14 13 13 14 14 14 14 15 15 14 11 11 14 15 15 13 16 17 17 15 16 18 19 19 18 18 16 17 19 19 18 15 16 16 15 15 13 13 12 12 17 18 18 18 18 17 15 14 15 15 14 
91 10 7 7 7 7 5 5 5 6 7 7 5 7 8 8 6 3 3 0 8 8 8 8 12 13 13 11 13 14 14 12 11 11 12 12 13 13 14 14 14 15 15 11 9 9 13 13 13 13 13 13 12 12 13 13 13 13 14 14 13 10 10 13 14 14 12 15 16 16 14 15 17 18 18 17 17 15 16 18 18 17 14 15 15 14 14 12 12 11 11 16 17 17 17 17 16 14 13 14 14 13 
92 8 7 7 7 7 7 7 9 10 11 11 9 11 12 12 10 9 9 8 0 2 4 4 10 11 11 9 11 12 12 10 9 9 10 10 11 11 12 12 12 13 13 9 7 7 11 11 11 11 11 11 10 10 11 11 11 11 12 12 11 8 8 11 12 12 10 13 14 14 12 13 15 16 16 15 15 13 14 16 16 15 12 13 13 12 12 10 10 9 9 14 15 15 15 15 14 12 11 12 12 11 
78 8 7 7 7 7 7 7 9 10 11 11 9 11 12 12 10 9 9 8 2 0 4 4 10 11 11 9 11 12 12 10 9 9 10 10 11 11 12 12 12 13 13 9 7 7 11 11 11 11 11 11 10 10 11 11 11 11 12 12 11 8 8 11 12 12 10 13 14 14 12 13 15 16 16 15 15 13 14 16 16 15 12 13 13 12 12 10 10 9 9 14 15 15 15 15 14 12 11 12 12 11 
99 8 7 7 7 7 7 7 9 10 11 11 9 11 12 12 10 9 9 8 4 4 0 2 10 11 11 9 11 12 12 10 9 9 10 10 11 11 12 12 12 13 13 9 7 7 11 11 11 11 11 11 10 10 11 11 11 11 12 12 11 8 8 11 12 12 10 13 14 14 12 13 15 16 16 15 15 13 14 16 16 15 12 13 13 12 12 10 10 9 9 14 15 15 15 15 14 12 11 12 12 11 
96 8 7 7 7 7 7 7 9 10 11 11 9 11 12 12 10 9 9 8 4 4 2 0 10 11 11 9 11 12 12 10 9 9 10 10 11 11 12 12 12 13 13 9 7 7 11 11 11 11 11 11 10 10 11 11 11 11 12 12 11 8 8 11 12 12 10 13 14 14 12 13 15 16 16 15 15 13 14 16 16 15 12 13 13 12 12 10 10 9 9 14 15 15 15 15 14 12 11 12 12 11 
7 10 11 11 11 11 11 11 13 14 15 15 13 15 16 16 14 13 13 12 10 10 10 10 0 3 3 3 7 8 8 6 5 7 8 8 9 9 10 10 10 11 11 7 7 7 13 13 13 13 13 13 12 12 13 13 13 13 14 14 13 10 10 13 14 14 12 15 16 16 14 15 17 18 18 17 17 15 16 18 18 17 14 15 15 14 14 12 12 11 11 16 17 17 17 17 16 14 13 14 14 13 
36 11 12 12 12 12 12 12 14 15 16 16 14 16 17 17 15 14 14 13 11 11 11 11 3 0 2 4 8 9 9 7 6 8 9 9 10 10 11 11 11 12 12 8 8 8 14 14 14 14 14 14 13 13 14 14 14 14 15 15 14 11 11 14 15 15 13 16 17 17 15 16 18 19 19 18 18 16 17 19 19 18 15 16 16 15 15 13 13 12 12 17 18 18 18 18 17 15 14 15 15 14 
23 11 12 12 12 12 12 12 14 15 16 16 14 16 17 17 15 14 14 13 11 11 11 11 3 2 0 4 8 9 9 7 6 8 9 9 10 10 11 11 11 12 12 8 8 8 14 14 14 14 14 14 13 13 14 14 14 14 15 15 14 11 11 14 15 15 13 16 17 17 15 16 18 19 19 18 18 16 17 19 19 18 15 16 16 15 15 13 13 12 12 17 18 18 18 18 17 15 14 15 15 14 
30 9 10 10 10 10 10 10 12 13 14 14 12 14 15 15 13 12 12 11 9 9 9 9 3 4 4 0 6 7 7 5 4 6 7 7 8 8 9 9 9 10 10 6 6 6 12 12 12 12 12 12 11 11 12 12 12 12 13 13 12 9 9 12 13 13 11 14 15 15 13 14 16 17 17 16 16 14 15 17 17 16 13 14 14 13 13 11 11 10 10 15 16 16 16 16 15 13 12 13 13 12 
22 11 12 12 12 12 12 12 14 15 16 16 14 16 17 17 15 14 14 13 11 11 11 11 7 8 8 6 0 3 3 3 4 8 9 9 10 10 11 11 11 12 12 8 8 8 14 14 14 14 14 14 13 13 14 14 14 14 15 15 14 11 11 14 15 15 13 16 17 17 15 16 18 19 19 18 18 16 17 19 19 18 15 16 16 15 15 13 13 12 12 17 18 18 18 18 17 15 14 15 15 14 
61 12 13 13 13 13 13 13 15 16 17 17 15 17 18 18 16 15 15 14 12 12 12 12 8 9 9 7 3 0 2 4 5 9 10 10 11 11 12 12 12 13 13 9 9 9 15 15 15 15 15 15 14 14 15 15 15 15 16 16 15 12 12 15 16 16 14 17 18 18 16 17 19 20 20 19 19 17 18 20 20 19 16 17 17 16 16 14 14 13 13 18 19 19 19 19 18 16 15 16 16 15 
27 12 13 13 13 13 13 13 15 16 17 17 15 17 18 18 16 15 15 14 12 12 12 12 8 9 9 7 3 2 0 4 5 9 10 10 11 11 12 12 12 13 13 9 9 9 15 15 15 15 15 15 14 14 15 15 15 15 16 16 15 12 12 15 16 16 14 17 18 18 16 17 19 20 20 19 19 17 18 20 20 19 16 17 17 16 16 14 14 13 13 18 19 19 19 19 18 16 15 16 16 15 
38 10 11 11 11 11 11 11 13 14 15 15 13 15 16 16 14 13 13 12 10 10 10 10 6 7 7 5 3 4 4 0 3 7 8 8 9 9 10 10 10 11 11 7 7 7 13 13 13 13 13 13 12 12 13 13 13 13 14 14 13 10 10 13 14 14 12 15 16 16 14 15 17 18 18 17 17 15 16 18 18 17 14 15 15 14 14 12 12 11 11 16 17 17 17 17 16 14 13 14 14 13 
60 9 10 10 10 10 10 10 12 13 14 14 12 14 15 15 13 12 12 11 9 9 9 9 5 6 6 4 4 5 5 3 0 6 7 7 8 8 9 9 9 10 10 6 6 6 12 12 12 12 12 12 11 11 12 12 12 12 13 13 12 9 9 12 13 13 11 14 15 15 13 14 16 17 17 16 16 14 15 17 17 16 13 14 14 13 13 11 11 10 10 15 16 16 16 16 15 13 12 13 13 12 
40 9 10 10 10 10 10 10 12 13 14 14 12 14 15 15 13 12 12 11 9 9 9 9 7 8 8 6 8 9 9 7 6 0 3 3 6 6 7 7 7 8 8 4 6 6 12 12 12 12 12 12 11 11 12 12 12 12 13 13 12 9 9 12 13 13 11 14 15 15 13 14 16 17 17 16 16 14 15 17 17 16 13 14 14 13 13 11 11 10 10 15 16 16 16 16 15 13 12 13 13 12 
12 10 11 11 11 11 11 11 13 14 15 15 13 15 16 16 14 13 13 12 10 10 10 10 8 9 9 7 9 10 10 8 7 3 0 2 7 7 8 8 8 9 9 5 7 7 13 13 13 13 13 13 12 12 13 13 13 13 14 14 13 10 10 13 14 14 12 15 16 16 14 15 17 18 18 17 17 15 16 18 18 17 14 15 15 14 14 12 12 11 11 16 17 17 17 17 16 14 13 14 14 13 
50 10 11 11 11 11 11 11 13 14 15 15 13 15 16 16 14 13 13 12 10 10 10 10 8 9 9 7 9 10 10 8 7 3 2 0 7 7 8 8 8 9 9 5 7 7 13 13 13 13 13 13 12 12 13 13 13 13 14 14 13 10 10 13 14 14 12 15 16 16 14 15 17 18 18 17 17 15 16 18 18 17 14 15 15 14 14 12 12 11 11 16 17 17 17 17 16 14 13 14 14 13 
55 11 12 12 12 12 12 12 14 15 16 16 14 16 17 17 15 14 14 13 11 11 11 11 9 10 10 8 10 11 11 9 8 6 7 7 0 2 5 5 5 6 6 4 8 8 14 14 14 14 14 14 13 13 14 14 14 14 15 15 14 11 11 14 15 15 13 16 17 17 15 16 18 19 19 18 18 16 17 19 19 18 15 16 16 15 15 13 13 12 12 17 18 18 18 18 17 15 14 15 15 14 
46 11 12 12 12 12 12 12 14 15 16 16 14 16 17 17 15 14 14 13 11 11 11 11 9 10 10 8 10 11 11 9 8 6 7 7 2 0 5 5 5 6 6 4 8 8 14 14 14 14 14 14 13 13 14 14 14 14 15 15 14 11 11 14 15 15 13 16 17 17 15 16 18 19 19 18 18 16 17 19 19 18 15 16 16 15 15 13 13 12 12 17 18 18 18 18 17 15 14 15 15 14 
70 12 13 13 13 13 13 13 15 16 17 17 15 17 18 18 16 15 15 14 12 12 12 12 10 11 11 9 11 12 12 10 9 7 8 8 5 5 0 2 4 5 5 5 9 9 15 15 15 15 15 15 14 14 15 15 15 15 16 16 15 12 12 15 16 16 14 17 18 18 16 17 19 20 20 19 19 17 18 20 20 19 16 17 17 16 16 14 14 13 13 18 19 19 19 19 18 16 15 16 16 15 
32 12 13 13 13 13 13 13 15 16 17 17 15 17 18 18 16 15 15 14 12 12 12 12 10 11 11 9 11 12 12 10 9 7 8 8 5 5 2 0 4 5 5 5 9 9 15 15 15 15 15 15 14 14 15 15 15 15 16 16 15 12 12 15 16 16 14 17 18 18 16 17 19 20 20 19 19 17 18 20 20 19 16 17 17 16 16 14 14 13 13 18 19 19 19 19 18 16 15 16 16 15 
6 12 13 13 13 13 13 13 15 16 17 17 15 17 18 18 16 15 15 14 12 12 12 12 10 11 11 9 11 12 12 10 9 7 8 8 5 5 4 4 0 3 3 5 9 9 15 15 15 15 15 15 14 14 15 15 15 15 16 16 15 12 12 15 16 16 14 17 18 18 16 17 19 20 20 19 19 17 18 20 20 19 16 17 17 16 16 14 14 13 13 18 19 19 19 19 18 16 15 16 16 15 
69 13 14 14 14 14 14 14 16 17 18 18 16 18 19 19 17 16 16 15 13 13 13 13 11 12 12 10 12 13 13 11 10 8 9 9 6 6 5 5 3 0 2 6 10 10 16 16 16 16 16 16 15 15 16 16 16 16 17 17 16 13 13 16 17 17 15 18 19 19 17 18 20 21 21 20 20 18 19 21 21 20 17 18 18 17 17 15 15 14 14 19 20 20 20 20 19 17 16 17 17 16 
39 13 14 14 14 14 14 14 16 17 18 18 16 18 19 19 17 16 16 15 13 13 13 13 11 12 12 10 12 13 13 11 10 8 9 9 6 6 5 5 3 2 0 6 10 10 16 16 16 16 16 16 15 15 16 16 16 16 17 17 16 13 13 16 17 17 15 18 19 19 17 18 20 21 21 20 20 18 19 21 21 20 17 18 18 17 17 15 15 14 14 19 20 20 20 20 19 17 16 17 17 16 
20 9 10 10 10 10 10 10 12 13 14 14 12 14 15 15 13 12 12 11 9 9 9 9 7 8 8 6 8 9 9 7 6 4 5 5 4 4 5 5 5 6 6 0 6 6 12 12 12 12 12 12 11 11 12 12 12 12 13 13 12 9 9 12 13 13 11 14 15 15 13 14 16 17 17 16 16 14 15 17 17 16 13 14 14 13 13 11 11 10 10 15 16 16 16 16 15 13 12 13 13 12 
76 7 8 8 8 8 8 8 10 11 12 12 10 12 13 13 11 10 10 9 7 7 7 7 7 8 8 6 8 9 9 7 6 6 7 7 8 8 9 9 9 10 10 6 0 2 10 10 10 10 10 10 9 9 10 10 10 10 11 11 10 7 7 10 11 11 9 12 13 13 11 12 14 15 15 14 14 12 13 15 15 14 11 12 12 11 11 9 9 8 8 13 14 14 14 14 13 11 10 11 11 10 
81 7 8 8 8 8 8 8 10 11 12 12 10 12 13 13 11 10 10 9 7 7 7 7 7 8 8 6 8 9 9 7 6 6 7 7 8 8 9 9 9 10 10 6 2 0 10 10 10 10 10 10 9 9 10 10 10 10 11 11 10 7 7 10 11 11 9 12 13 13 11 12 14 15 15 14 14 12 13 15 15 14 11 12 12 11 11 9 9 8 8 13 14 14 14 14 13 11 10 11 11 10 
72 9 12 12 12 12 12 12 14 15 16 16 14 16 17 17 15 14 14 13 11 11 11 11 13 14 14 12 14 15 15 13 12 12 13 13 14 14 15 15 15 16 16 12 10 10 0 2 4 4 6 6 5 7 8 8 8 8 9 9 8 7 7 12 13 13 11 14 15 15 13 14 16 17 17 16 16 14 15 17 17 16 13 14 14 13 13 11 11 10 10 15 16 16 16 16 15 13 12 13 13 12 
42 9 12 12 12 12 12 12 14 15 16 16 14 16 17 17 15 14 14 13 11 11 11 11 13 14 14 12 14 15 15 13 12 12 13 13 14 14 15 15 15 16 16 12 10 10 2 0 4 4 6 6 5 7 8 8 8 8 9 9 8 7 7 12 13 13 11 14 15 15 13 14 16 17 17 16 16 14 15 17 17 16 13 14 14 13 13 11 11 10 10 15 16 16 16 16 15 13 12 13 13 12 
65 9 12 12 12 12 12 12 14 15 16 16 14 16 17 17 15 14 14 13 11 11 11 11 13 14 14 12 14 15 15 13 12 12 13 13 14 14 15 15 15 16 16 12 10 10 4 4 0 2 6 6 5 7 8 8 8 8 9 9 8 7 7 12 13 13 11 14 15 15 13 14 16 17 17 16 16 14 15 17 17 16 13 14 14 13 13 11 11 10 10 15 16 16 16 16 15 13 12 13 13 12 
18 9 12 12 12 12 12 12 14 15 16 16 14 16 17 17 15 14 14 13 11 11 11 11 13 14 14 12 14 15 15 13 12 12 13 13 14 14 15 15 15 16 16 12 10 10 4 4 2 0 6 6 5 7 8 8 8 8 9 9 8 7 7 12 13 13 11 14 15 15 13 14 16 17 17 16 16 14 15 17 17 16 13 14 14 13 13 11 11 10 10 15 16 16 16 16 15 13 12 13 13 12 
13 9 12 12 12 12 12 12 14 15 16 16 14 16 17 17 15 14 14 13 11 11 11 11 13 14 14 12 14 15 15 13 12 12 13 13 14 14 15 15 15 16 16 12 10 10 6 6 6 6 0 2 3 7 8 8 8 8 9 9 8 7 7 12 13 13 11 14 15 15 13 14 16 17 17 16 16 14 15 17 17 16 13 14 14 13 13 11 11 10 10 15 16 16 16 16 15 13 12 13 13 12 
4 9 12 12 12 12 12 12 14 15 16 16 14 16 17 17 15 14 14 13 11 11 11 11 13 14 14 12 14 15 15 13 12 12 13 13 14 14 15 15 15 16 16 12 10 10 6 6 6 6 2 0 3 7 8 8 8 8 9 9 8 7 7 12 13 13 11 14 15 15 13 14 16 17 17 16 16 14 15 17 17 16 13 14 14 13 13 11 11 10 10 15 16 16 16 16 15 13 12 13 13 12 
28 8 11 11 11 11 11 11 13 14 15 15 13 15 16 16 14 13 13 12 10 10 10 10 12 13 13 11 13 14 14 12 11 11 12 12 13 13 14 14 14 15 15 11 9 9 5 5 5 5 3 3 0 6 7 7 7 7 8 8 7 6 6 11 12 12 10 13 14 14 12 13 15 16 16 15 15 13 14 16 16 15 12 13 13 12 12 10 10 9 9 14 15 15 15 15 14 12 11 12 12 11 
44 8 11 11 11 11 11 11 13 14 15 15 13 15 16 16 14 13 13 12 10 10 10 10 12 13 13 11 13 14 14 12 11 11 12 12 13 13 14 14 14 15 15 11 9 9 7 7 7 7 7 7 6 0 3 3 5 5 6 6 5 6 6 11 12 12 10 13 14 14 12 13 15 16 16 15 15 13 14 16 16 15 12 13 13 12 12 10 10 9 9 14 15 15 15 15 14 12 11 12 12 11 
9 9 12 12 12 12 12 12 14 15 16 16 14 16 17 17 15 14 14 13 11 11 11 11 13 14 14 12 14 15 15 13 12 12 13 13 14 14 15 15 15 16 16 12 10 10 8 8 8 8 8 8 7 3 0 2 6 6 7 7 6 7 7 12 13 13 11 14 15 15 13 14 16 17 17 16 16 14 15 17 17 16 13 14 14 13 13 11 11 10 10 15 16 16 16 16 15 13 12 13 13 12 
71 9 12 12 12 12 12 12 14 15 16 16 14 16 17 17 15 14 14 13 11 11 11 11 13 14 14 12 14 15 15 13 12 12 13 13 14 14 15 15 15 16 16 12 10 10 8 8 8 8 8 8 7 3 2 0 6 6 7 7 6 7 7 12 13 13 11 14 15 15 13 14 16 17 17 16 16 14 15 17 17 16 13 14 14 13 13 11 11 10 10 15 16 16 16 16 15 13 12 13 13 12 
8 9 12 12 12 12 12 12 14 15 16 16 14 16 17 17 15 14 14 13 11 11 11 11 13 14 14 12 14 15 15 13 12 12 13 13 14 14 15 15 15 16 16 12 10 10 8 8 8 8 8 8 7 5 6 6 0 2 5 5 4 7 7 12 13 13 11 14 15 15 13 14 16 17 17 16 16 14 15 17 17 16 13 14 14 13 13 11 11 10 10 15 16 16 16 16 15 13 12 13 13 12 
67 9 12 12 12 12 12 12 14 15 16 16 14 16 17 17 15 14 14 13 11 11 11 11 13 14 14 12 14 15 15 13 12 12 13 13 14 14 15 15 15 16 16 12 10 10 8 8 8 8 8 8 7 5 6 6 2 0 5 5 4 7 7 12 13 13 11 14 15 15 13 14 16 17 17 16 16 14 15 17 17 16 13 14 14 13 13 11 11 10 10 15 16 16 16 16 15 13 12 13 13 12 
63 10 13 13 13 13 13 13 15 16 17 17 15 17 18 18 16 15 15 14 12 12 12 12 14 15 15 13 15 16 16 14 13 13 14 14 15 15 16 16 16 17 17 13 11 11 9 9 9 9 9 9 8 6 7 7 5 5 0 2 3 8 8 13 14 14 12 15 16 16 14 15 17 18 18 17 17 15 16 18 18 17 14 15 15 14 14 12 12 11 11 16 17 17 17 17 16 14 13 14 14 13 
19 10 13 13 13 13 13 13 15 16 17 17 15 17 18 18 16 15 15 14 12 12 12 12 14 15 15 13 15 16 16 14 13 13 14 14 15 15 16 16 16 17 17 13 11 11 9 9 9 9 9 9 8 6 7 7 5 5 2 0 3 8 8 13 14 14 12 15 16 16 14 15 17 18 18 17 17 15 16 18 18 17 14 15 15 14 14 12 12 11 11 16 17 17 17 17 16 14 13 14 14 13 
57 9 12 12 12 12 12 12 14 15 16 16 14 16 17 17 15 14 14 13 11 11 11 11 13 14 14 12 14 15 15 13 12 12 13 13 14 14 15 15 15 16 16 12 10 10 8 8 8 8 8 8 7 5 6 6 4 4 3 3 0 7 7 12 13 13 11 14 15 15 13 14 16 17 17 16 16 14 15 17 17 16 13 14 14 13 13 11 11 10 10 15 16 16 16 16 15 13 12 13 13 12 
64 6 9 9 9 9 9 9 11 12 13 13 11 13 14 14 12 11 11 10 8 8 8 8 10 11 11 9 11 12 12 10 9 9 10 10 11 11 12 12 12 13 13 9 7 7 7 7 7 7 7 7 6 6 7 7 7 7 8 8 7 0 2 9 10 10 8 11 12 12 10 11 13 14 14 13 13 11 12 14 14 13 10 11 11 10 10 8 8 7 7 12 13 13 13 13 12 10 9 10 10 9 
3 6 9 9 9 9 9 9 11 12 13 13 11 13 14 14 12 11 11 10 8 8 8 8 10 11 11 9 11 12 12 10 9 9 10 10 11 11 12 12 12 13 13 9 7 7 7 7 7 7 7 7 6 6 7 7 7 7 8 8 7 2 0 9 10 10 8 11 12 12 10 11 13 14 14 13 13 11 12 14 14 13 10 11 11 10 10 8 8 7 7 12 13 13 13 13 12 10 9 10 10 9 
58 7 12 12 12 12 12 12 14 15 16 16 14 16 17 17 15 14 14 13 11 11 11 11 13 14 14 12 14 15 15 13 12 12 13 13 14 14 15 15 15 16 16 12 10 10 12 12 12 12 12 12 11 11 12 12 12 12 13 13 12 9 9 0 3 3 3 8 9 9 7 8 10 11 11 10 10 8 9 11 11 10 7 8 8 7 7 7 7 6 8 13 14 14 14 14 13 11 10 11 11 10 
49 8 13 13 13 13 13 13 15 16 17 17 15 17 18 18 16 15 15 14 12 12 12 12 14 15 15 13 15 16 16 14 13 13 14 14 15 15 16 16 16 17 17 13 11 11 13 13 13 13 13 13 12 12 13 13 13 13 14 14 13 10 10 3 0 2 4 9 10 10 8 9 11 12 12 11 11 9 10 12 12 11 8 9 9 8 8 8 8 7 9 14 15 15 15 15 14 12 11 12 12 11 
41 8 13 13 13 13 13 13 15 16 17 17 15 17 18 18 16 15 15 14 12 12 12 12 14 15 15 13 15 16 16 14 13 13 14 14 15 15 16 16 16 17 17 13 11 11 13 13 13 13 13 13 12 12 13 13 13 13 14 14 13 10 10 3 2 0 4 9 10 10 8 9 11 12 12 11 11 9 10 12 12 11 8 9 9 8 8 8 8 7 9 14 15 15 15 15 14 12 11 12 12 11 
48 6 11 11 11 11 11 11 13 14 15 15 13 15 16 16 14 13 13 12 10 10 10 10 12 13 13 11 13 14 14 12 11 11 12 12 13 13 14 14 14 15 15 11 9 9 11 11 11 11 11 11 10 10 11 11 11 11 12 12 11 8 8 3 4 4 0 7 8 8 6 7 9 10 10 9 9 7 8 10 10 9 6 7 7 6 6 6 6 5 7 12 13 13 13 13 12 10 9 10 10 9 
66 9 14 14 14 14 14 14 16 17 18 18 16 18 19 19 17 16 16 15 13 13 13 13 15 16 16 14 16 17 17 15 14 14 15 15 16 16 17 17 17 18 18 14 12 12 14 14 14 14 14 14 13 13 14 14 14 14 15 15 14 11 11 8 9 9 7 0 3 3 3 6 8 9 9 8 8 6 7 9 9 8 7 8 8 7 7 9 9 8 10 15 16 16 16 16 15 13 12 13 13 12 
43 10 15 15 15 15 15 15 17 18 19 19 17 19 20 20 18 17 17 16 14 14 14 14 16 17 17 15 17 18 18 16 15 15 16 16 17 17 18 18 18 19 19 15 13 13 15 15 15 15 15 15 14 14 15 15 15 15 16 16 15 12 12 9 10 10 8 3 0 2 4 7 9 10 10 9 9 7 8 10 10 9 8 9 9 8 8 10 10 9 11 16 17 17 17 17 16 14 13 14 14 13 
21 10 15 15 15 15 15 15 17 18 19 19 17 19 20 20 18 17 17 16 14 14 14 14 16 17 17 15 17 18 18 16 15 15 16 16 17 17 18 18 18 19 19 15 13 13 15 15 15 15 15 15 14 14 15 15 15 15 16 16 15 12 12 9 10 10 8 3 2 0 4 7 9 10 10 9 9 7 8 10 10 9 8 9 9 8 8 10 10 9 11 16 17 17 17 17 16 14 13 14 14 13 
51 8 13 13 13 13 13 13 15 16 17 17 15 17 18 18 16 15 15 14 12 12 12 12 14 15 15 13 15 16 16 14 13 13 14 14 15 15 16 16 16 17 17 13 11 11 13 13 13 13 13 13 12 12 13 13 13 13 14 14 13 10 10 7 8 8 6 3 4 4 0 5 7 8 8 7 7 5 6 8 8 7 6 7 7 6 6 8 8 7 9 14 15 15 15 15 14 12 11 12 12 11 
45 9 14 14 14 14 14 14 16 17 18 18 16 18 19 19 17 16 16 15 13 13 13 13 15 16 16 14 16 17 17 15 14 14 15 15 16 16 17 17 17 18 18 14 12 12 14 14 14 14 14 14 13 13 14 14 14 14 15 15 14 11 11 8 9 9 7 6 7 7 5 0 4 5 5 4 4 4 5 7 7 6 7 8 8 7 7 9 9 8 10 15 16 16 16 16 15 13 12 13 13 12 
17 11 16 16 16 16 16 16 18 19 20 20 18 20 21 21 19 18 18 17 15 15 15 15 17 18 18 16 18 19 19 17 16 16 17 17 18 18 19 19 19 20 20 16 14 14 16 16 16 16 16 16 15 15 16 16 16 16 17 17 16 13 13 10 11 11 9 8 9 9 7 4 0 3 3 4 4 6 7 9 9 8 9 10 10 9 9 11 11 10 12 17 18 18 18 18 17 15 14 15 15 14 
25 12 17 17 17 17 17 17 19 20 21 21 19 21 22 22 20 19 19 18 16 16 16 16 18 19 19 17 19 20 20 18 17 17 18 18 19 19 20 20 20 21 21 17 15 15 17 17 17 17 17 17 16 16 17 17 17 17 18 18 17 14 14 11 12 12 10 9 10 10 8 5 3 0 2 5 5 7 8 10 10 9 10 11 11 10 10 12 12 11 13 18 19 19 19 19 18 16 15 16 16 15 
31 12 17 17 17 17 17 17 19 20 21 21 19 21 22 22 20 19 19 18 16 16 16 16 18 19 19 17 19 20 20 18 17 17 18 18 19 19 20 20 20 21 21 17 15 15 17 17 17 17 17 17 16 16 17 17 17 17 18 18 17 14 14 11 12 12 10 9 10 10 8 5 3 2 0 5 5 7 8 10 10 9 10 11 11 10 10 12 12 11 13 18 19 19 19 19 18 16 15 16 16 15 
14 11 16 16 16 16 16 16 18 19 20 20 18 20 21 21 19 18 18 17 15 15 15 15 17 18 18 16 18 19 19 17 16 16 17 17 18 18 19 19 19 20 20 16 14 14 16 16 16 16 16 16 15 15 16 16 16 16 17 17 16 13 13 10 11 11 9 8 9 9 7 4 4 5 5 0 2 6 7 9 9 8 9 10 10 9 9 11 11 10 12 17 18 18 18 18 17 15 14 15 15 14 
35 11 16 16 16 16 16 16 18 19 20 20 18 20 21 21 19 18 18 17 15 15 15 15 17 18 18 16 18 19 19 17 16 16 17 17 18 18 19 19 19 20 20 16 14 14 16 16 16 16 16 16 15 15 16 16 16 16 17 17 16 13 13 10 11 11 9 8 9 9 7 4 4 5 5 2 0 6 7 9 9 8 9 10 10 9 9 11 11 10 12 17 18 18 18 18 17 15 14 15 15 14 
10 9 14 14 14 14 14 14 16 17 18 18 16 18 19 19 17 16 16 15 13 13 13 13 15 16 16 14 16 17 17 15 14 14 15 15 16 16 17 17 17 18 18 14 12 12 14 14 14 14 14 14 13 13 14 14 14 14 15 15 14 11 11 8 9 9 7 6 7 7 5 4 6 7 7 6 6 0 3 5 5 4 7 8 8 7 7 9 9 8 10 15 16 16 16 16 15 13 12 13 13 12 
34 10 15 15 15 15 15 15 17 18 19 19 17 19 20 20 18 17 17 16 14 14 14 14 16 17 17 15 17 18 18 16 15 15 16 16 17 17 18 18 18 19 19 15 13 13 15 15 15 15 15 15 14 14 15 15 15 15 16 16 15 12 12 9 10 10 8 7 8 8 6 5 7 8 8 7 7 3 0 4 4 3 8 9 9 8 8 10 10 9 11 16 17 17 17 17 16 14 13 14 14 13 
59 12 17 17 17 17 17 17 19 20 21 21 19 21 22 22 20 19 19 18 16 16 16 16 18 19 19 17 19 20 20 18 17 17 18 18 19 19 20 20 20 21 21 17 15 15 17 17 17 17 17 17 16 16 17 17 17 17 18 18 17 14 14 11 12 12 10 9 10 10 8 7 9 10 10 9 9 5 4 0 2 3 10 11 11 10 10 12 12 11 13 18 19 19 19 19 18 16 15 16 16 15 
5 12 17 17 17 17 17 17 19 20 21 21 19 21 22 22 20 19 19 18 16 16 16 16 18 19 19 17 19 20 20 18 17 17 18 18 19 19 20 20 20 21 21 17 15 15 17 17 17 17 17 17 16 16 17 17 17 17 18 18 17 14 14 11 12 12 10 9 10 10 8 7 9 10 10 9 9 5 4 2 0 3 10 11 11 10 10 12 12 11 13 18 19 19 19 19 18 16 15 16 16 15 
68 11 16 16 16 16 16 16 18 19 20 20 18 20 21 21 19 18 18 17 15 15 15 15 17 18 18 16 18 19 19 17 16 16 17 17 18 18 19 19 19 20 20 16 14 14 16 16 16 16 16 16 15 15 16 16 16 16 17 17 16 13 13 10 11 11 9 8 9 9 7 6 8 9 9 8 8 4 3 3 3 0 9 10 10 9 9 11 11 10 12 17 18 18 18 18 17 15 14 15 15 14 
54 8 13 13 13 13 13 13 15 16 17 17 15 17 18 18 16 15 15 14 12 12 12 12 14 15 15 13 15 16 16 14 13 13 14 14 15 15 16 16 16 17 17 13 11 11 13 13 13 13 13 13 12 12 13 13 13 13 14 14 13 10 10 7 8 8 6 7 8 8 6 7 9 10 10 9 9 7 8 10 10 9 0 3 3 4 4 8 8 7 9 14 15 15 15 15 14 12 11 12 12 11 
29 9 14 14 14 14 14 14 16 17 18 18 16 18 19 19 17 16 16 15 13 13 13 13 15 16 16 14 16 17 17 15 14 14 15 15 16 16 17 17 17 18 18 14 12 12 14 14 14 14 14 14 13 13 14 14 14 14 15 15 14 11 11 8 9 9 7 8 9 9 7 8 10 11 11 10 10 8 9 11 11 10 3 0 2 5 5 9 9 8 10 15 16 16 16 16 15 13 12 13 13 12 
26 9 14 14 14 14 14 14 16 17 18 18 16 18 19 19 17 16 16 15 13 13 13 13 15 16 16 14 16 17 17 15 14 14 15 15 16 16 17 17 17 18 18 14 12 12 14 14 14 14 14 14 13 13 14 14 14 14 15 15 14 11 11 8 9 9 7 8 9 9 7 8 10 11 11 10 10 8 9 11 11 10 3 2 0 5 5 9 9 8 10 15 16 16 16 16 15 13 12 13 13 12 
2 8 13 13 13 13 13 13 15 16 17 17 15 17 18 18 16 15 15 14 12 12 12 12 14 15 15 13 15 16 16 14 13 13 14 14 15 15 16 16 16 17 17 13 11 11 13 13 13 13 13 13 12 12 13 13 13 13 14 14 13 10 10 7 8 8 6 7 8 8 6 7 9 10 10 9 9 7 8 10 10 9 4 5 5 0 2 8 8 7 9 14 15 15 15 15 14 12 11 12 12 11 
15 8 13 13 13 13 13 13 15 16 17 17 15 17 18 18 16 15 15 14 12 12 12 12 14 15 15 13 15 16 16 14 13 13 14 14 15 15 16 16 16 17 17 13 11 11 13 13 13 13 13 13 12 12 13 13 13 13 14 14 13 10 10 7 8 8 6 7 8 8 6 7 9 10 10 9 9 7 8 10 10 9 4 5 5 2 0 8 8 7 9 14 15 15 15 15 14 12 11 12 12 11 
73 6 11 11 11 11 11 11 13 14 15 15 13 15 16 16 14 13 13 12 10 10 10 10 12 13 13 11 13 14 14 12 11 11 12 12 13 13 14 14 14 15 15 11 9 9 11 11 11 11 11 11 10 10 11 11 11 11 12 12 11 8 8 7 8 8 6 9 10 10 8 9 11 12 12 11 11 9 10 12 12 11 8 9 9 8 8 0 2 3 7 12 13 13 13 13 12 10 9 10 10 9 
77 6 11 11 11 11 11 11 13 14 15 15 13 15 16 16 14 13 13 12 10 10 10 10 12 13 13 11 13 14 14 12 11 11 12 12 13 13 14 14 14 15 15 11 9 9 11 11 11 11 11 11 10 10 11 11 11 11 12 12 11 8 8 7 8 8 6 9 10 10 8 9 11 12 12 11 11 9 10 12 12 11 8 9 9 8 8 2 0 3 7 12 13 13 13 13 12 10 9 10 10 9 
75 5 10 10 10 10 10 10 12 13 14 14 12 14 15 15 13 12 12 11 9 9 9 9 11 12 12 10 12 13 13 11 10 10 11 11 12 12 13 13 13 14 14 10 8 8 10 10 10 10 10 10 9 9 10 10 10 10 11 11 10 7 7 6 7 7 5 8 9 9 7 8 10 11 11 10 10 8 9 11 11 10 7 8 8 7 7 3 3 0 6 11 12 12 12 12 11 9 8 9 9 8 
86 3 10 10 10 10 10 10 12 13 14 14 12 14 15 15 13 12 12 11 9 9 9 9 11 12 12 10 12 13 13 11 10 10 11 11 12 12 13 13 13 14 14 10 8 8 10 10 10 10 10 10 9 9 10 10 10 10 11 11 10 7 7 8 9 9 7 10 11 11 9 10 12 13 13 12 12 10 11 13 13 12 9 10 10 9 9 7 7 6 0 7 8 8 8 8 7 5 4 5 5 4 
33 8 15 15 15 15 15 15 17 18 19 19 17 19 20 20 18 17 17 16 14 14 14 14 16 17 17 15 17 18 18 16 15 15 16 16 17 17 18 18 18 19 19 15 13 13 15 15 15 15 15 15 14 14 15 15 15 15 16 16 15 12 12 13 14 14 12 15 16 16 14 15 17 18 18 17 17 15 16 18 18 17 14 15 15 14 14 12 12 11 7 0 3 3 5 5 4 4 5 8 8 7 
47 9 16 16 16 16 16 16 18 19 20 20 18 20 21 21 19 18 18 17 15 15 15 15 17 18 18 16 18 19 19 17 16 16 17 17 18 18 19 19 19 20 20 16 14 14 16 16 16 16 16 16 15 15 16 16 16 16 17 17 16 13 13 14 15 15 13 16 17 17 15 16 18 19 19 18 18 16 17 19 19 18 15 16 16 15 15 13 13 12 8 3 0 2 6 6 5 5 6 9 9 8 
53 9 16 16 16 16 16 16 18 19 20 20 18 20 21 21 19 18 18 17 15 15 15 15 17 18 18 16 18 19 19 17 16 16 17 17 18 18 19 19 19 20 20 16 14 14 16 16 16 16 16 16 15 15 16 16 16 16 17 17 16 13 13 14 15 15 13 16 17 17 15 16 18 19 19 18 18 16 17 19 19 18 15 16 16 15 15 13 13 12 8 3 2 0 6 6 5 5 6 9 9 8 
62 9 16 16 16 16 16 16 18 19 20 20 18 20 21 21 19 18 18 17 15 15 15 15 17 18 18 16 18 19 19 17 16 16 17 17 18 18 19 19 19 20 20 16 14 14 16 16 16 16 16 16 15 15 16 16 16 16 17 17 16 13 13 14 15 15 13 16 17 17 15 16 18 19 19 18 18 16 17 19 19 18 15 16 16 15 15 13 13 12 8 5 6 6 0 2 3 5 6 9 9 8 
37 9 16 16 16 16 16 16 18 19 20 20 18 20 21 21 19 18 18 17 15 15 15 15 17 18 18 16 18 19 19 17 16 16 17 17 18 18 19 19 19 20 20 16 14 14 16 16 16 16 16 16 15 15 16 16 16 16 17 17 16 13 13 14 15 15 13 16 17 17 15 16 18 19 19 18 18 16 17 19 19 18 15 16 16 15 15 13 13 12 8 5 6 6 2 0 3 5 6 9 9 8 
11 8 15 15 15 15 15 15 17 18 19 19 17 19 20 20 18 17 17 16 14 14 14 14 16 17 17 15 17 18 18 16 15 15 16 16 17 17 18 18 18 19 19 15 13 13 15 15 15 15 15 15 14 14 15 15 15 15 16 16 15 12 12 13 14 14 12 15 16 16 14 15 17 18 18 17 17 15 16 18 18 17 14 15 15 14 14 12 12 11 7 4 5 5 3 3 0 4 5 8 8 7 
52 6 13 13 13 13 13 13 15 16 17 17 15 17 18 18 16 15 15 14 12 12 12 12 14 15 15 13 15 16 16 14 13 13 14 14 15 15 16 16 16 17 17 13 11 11 13 13 13 13 13 13 12 12 13 13 13 13 14 14 13 10 10 11 12 12 10 13 14 14 12 13 15 16 16 15 15 13 14 16 16 15 12 13 13 12 12 10 10 9 5 4 5 5 5 5 4 0 3 6 6 5 
24 5 12 12 12 12 12 12 14 15 16 16 14 16 17 17 15 14 14 13 11 11 11 11 13 14 14 12 14 15 15 13 12 12 13 13 14 14 15 15 15 16 16 12 10 10 12 12 12 12 12 12 11 11 12 12 12 12 13 13 12 9 9 10 11 11 9 12 13 13 11 12 14 15 15 14 14 12 13 15 15 14 11 12 12 11 11 9 9 8 4 5 6 6 6 6 5 3 0 5 5 4 
56 6 13 13 13 13 13 13 15 16 17 17 15 17 18 18 16 15 15 14 12 12 12 12 14 15 15 13 15 16 16 14 13 13 14 14 15 15 16 16 16 17 17 13 11 11 13 13 13 13 13 13 12 12 13 13 13 13 14 14 13 10 10 11 12 12 10 13 14 14 12 13 15 16 16 15 15 13 14 16 16 15 12 13 13 12 12 10 10 9 5 8 9 9 9 9 8 6 5 0 2 3 
16 6 13 13 13 13 13 13 15 16 17 17 15 17 18 18 16 15 15 14 12 12 12 12 14 15 15 13 15 16 16 14 13 13 14 14 15 15 16 16 16 17 17 13 11 11 13 13 13 13 13 13 12 12 13 13 13 13 14 14 13 10 10 11 12 12 10 13 14 14 12 13 15 16 16 15 15 13 14 16 16 15 12 13 13 12 12 10 10 9 5 8 9 9 9 9 8 6 5 2 0 3 
1 5 12 12 12 12 12 12 14 15 16 16 14 16 17 17 15 14 14 13 11 11 11 11 13 14 14 12 14 15 15 13 12 12 13 13 14 14 15 15 15 16 16 12 10 10 12 12 12 12 12 12 11 11 12 12 12 12 13 13 12 9 9 10 11 11 9 12 13 13 11 12 14 15 15 14 14 12 13 15 15 14 11 12 12 11 11 9 9 8 4 7 8 8 8 8 7 5 4 3 3 0 
